1 2371
1 1938
1 1410
1 2319
1 1461
1 1071
1 143
1 190
1 1280
1 1168
2 2434
2 2863
2 3078
2 740
2 356
2 1345
2 136
2 597
2 971
2 1755
3 1496
3 1223
3 2652
3 1162
3 2971
3 1149
3 2252
3 1134
3 1188
3 205
4 3128
4 2939
4 2376
4 356
4 740
4 136
4 1102
4 2470
4 1743
4 3101
5 3127
5 1829
5 1978
5 2629
5 2716
5 972
5 2314
5 2003
5 2247
5 2786
6 740
6 356
6 438
6 136
6 2804
6 1664
6 859
6 1755
6 2306
6 2417
7 356
7 740
7 2912
7 2376
7 3043
7 136
7 3128
7 1951
7 3141
7 1198
8 2371
8 1611
8 757
8 820
8 666
8 517
8 2614
8 383
8 36
8 79
9 757
9 820
9 2371
9 666
9 517
9 2614
9 383
9 36
9 2849
9 2454
10 2895
10 1162
10 1471
10 2785
10 2406
10 1795
10 141
10 1703
10 1380
10 392
11 2699
11 2246
11 1860
11 2091
11 2898
11 2717
11 1923
11 1043
11 2906
11 2316
12 1461
12 3127
12 3196
12 2796
12 1755
12 2246
12 379
12 190
12 17
12 1930
13 1795
13 2530
13 2748
13 195
13 115
13 2495
13 2559
13 2586
13 2351
13 1947
14 2964
14 2397
14 866
14 2337
14 2191
14 2348
14 662
14 2563
14 3054
14 863
15 115
15 2351
15 1795
15 2397
15 622
15 1831
15 2257
15 2611
15 2964
15 2530
16 1332
16 3141
16 2376
16 394
16 198
16 1786
16 2378
16 2421
16 243
16 1957
17 1795
17 2079
17 2491
17 195
17 1757
17 115
17 2495
17 2586
17 2351
17 1134
18 1795
18 1223
18 2138
18 249
18 1162
18 1613
18 1852
18 1135
18 1542
18 731
19 141
19 1795
19 392
19 1302
19 2952
19 1367
19 1957
19 1569
19 2266
19 2664
20 2506
20 2695
20 2442
20 2199
20 2769
20 1481
20 2172
20 2461
20 2986
20 1961
21 555
21 764
21 878
21 1037
21 1803
21 3007
21 425
21 2703
21 520
21 810
22 2564
22 2384
22 2441
22 2637
22 2638
22 2473
22 52
22 88
22 2751
22 1915
23 1778
23 1941
23 2212
23 711
23 1081
23 1944
23 1987
23 1714
23 2427
23 1157
24 268
24 20
24 1233
24 2844
24 1410
24 1540
24 293
24 2535
24 1194
24 927
25 2318
25 2741
25 436
25 2984
25 2711
25 2965
25 2452
25 2862
25 3048
25 1938
26 1338
26 2256
26 2376
26 2618
26 3128
26 1071
26 438
26 1102
26 1198
26 1461
27 2577
27 2582
27 1960
27 1461
27 1752
27 2378
27 155
27 2481
27 2502
27 2399
28 383
28 757
28 820
28 666
28 3032
28 517
28 2614
28 356
28 740
28 36
29 1537
29 1538
29 1539
29 2089
29 2927
29 1840
29 2462
29 377
29 513
29 610
30 953
30 1651
30 1926
30 190
30 397
30 1256
30 2917
30 960
30 202
30 1024
31 195
31 1686
31 1144
31 674
31 2415
31 2125
31 1660
31 1796
31 1952
31 2283
32 1481
32 2172
32 2461
32 2444
32 1839
32 2430
32 2790
32 2161
32 3139
32 2290
33 1954
33 2043
33 1662
33 559
33 1501
33 2778
33 2335
33 1968
33 1285
33 1577
34 1949
34 740
34 356
34 436
34 1046
34 2808
34 136
34 2291
34 2458
34 1080
35 2165
35 393
35 2090
35 2836
35 3175
35 1474
35 2414
35 2437
35 1391
35 2560
36 1131
36 2084
36 2112
36 2476
36 1265
36 1737
36 2739
36 2836
36 2110
36 2603
37 2376
37 676
37 2243
37 2244
37 1719
37 457
37 2912
37 618
37 33
37 100
38 2941
38 1364
38 2815
38 2082
38 1737
38 1768
38 3087
38 676
38 483
38 2582
39 1861
39 2940
39 2178
39 2254
39 1614
39 3105
39 1602
39 2651
39 1835
39 1589
40 1485
40 1162
40 2406
40 1835
40 2254
40 2316
40 2178
40 1588
40 1470
40 1216
41 2371
41 2212
41 2578
41 1778
41 1941
41 3082
41 711
41 1081
41 1944
41 1987
42 204
42 633
42 2641
42 2789
42 2984
42 436
42 462
42 2318
42 3132
42 2711
43 3107
43 3098
43 1182
43 2754
43 2977
43 2847
43 1528
43 2841
43 2569
43 3046
44 2523
44 2829
44 2325
44 525
44 1104
44 1141
44 1732
44 1823
44 1801
44 931
45 2816
45 3002
45 2964
45 2904
45 3119
45 3089
45 2070
45 1199
45 2888
45 1660
46 1457
46 2990
46 2631
46 1032
46 2711
46 1136
46 1660
46 1796
46 1952
46 634
47 651
47 275
47 2070
47 634
47 239
47 657
47 798
47 1935
47 2278
47 1032
48 1005
48 2611
48 2464
48 47
48 2325
48 2509
48 1797
48 115
48 1841
48 2366
49 651
49 2070
49 275
49 239
49 798
49 634
49 2795
49 657
49 652
49 3012
50 634
50 651
50 657
50 2070
50 2278
50 275
50 239
50 292
50 2664
50 141
51 2664
51 2022
51 2085
51 141
51 1795
51 2636
51 2641
51 2872
51 488
51 2714
52 2721
52 557
52 757
52 1207
52 1208
52 1329
52 3061
52 238
52 36
52 2914
53 139
53 514
53 569
53 1817
53 1186
53 2769
53 503
53 640
53 2806
53 1567
54 2842
54 2264
54 207
54 652
54 2958
54 3170
54 2470
54 3133
54 2326
54 2178
55 1896
55 1898
55 1355
55 1993
55 1739
55 2650
55 2921
55 2998
55 1665
55 1453
56 1397
56 3077
56 2167
56 2327
56 99
56 3189
56 284
56 55
56 2165
56 1471
57 1106
57 3140
57 1137
57 437
57 209
57 1132
57 176
57 3077
57 196
57 406
58 2098
58 1631
58 2634
58 1411
58 2904
58 1474
58 1876
58 1344
58 1779
58 1920
59 1700
59 2781
59 2631
59 1456
59 2795
59 1112
59 3126
59 2650
59 1438
59 2705
60 1532
60 2593
60 2738
60 3025
60 2964
60 2976
60 1518
60 2277
60 2516
60 3142
61 634
61 2307
61 2711
61 1830
61 1287
61 239
61 911
61 1935
61 1236
61 2070
62 1648
62 2430
62 2790
62 1961
62 2057
62 2975
62 141
62 1795
62 2326
62 2333
63 1795
63 141
63 392
63 2973
63 1302
63 3061
63 2952
63 3073
63 2266
63 1367
64 2651
64 1717
64 627
64 793
64 1024
64 482
64 2156
64 1046
64 2051
64 598
